asc_cycle = -277.12648351963844
asc_trsit = 22.301736979691917
asc_walk = -73.65029911809745
b_cos = -12.201772975805605
b_dur = -315.786760914279
